157585785800
157585801600
157585786000
157585786000
157585801600
157585785800
157585801400
157585785600
157585801400
157585801800
157585801600
157585801400
157585785800
157585785600
157585785800
157585786200
157585801600
157585785800
157585785400
157585801800
157585785800
157585785400
157585801400
157585801200
157585801800
157585785600
157585786200
157585785600
157585785400
157585801800
157585801600
157585801400
157585801600
157585785800
157585785400
157585801800
157585801600
157585801400
157585786000
157585786000
157585801600
157585801400
157585785800
157585786000
157585801800
157585801800
157585785800
157585786000
157585785800
157585801600
157585785600
157585801600
157585801600
157585785400
157585786000
157585786000
157585801200
157585801400
157585801200
157585786000
157585801800
157585785800
157585785800
157585785200
157585801600
157585785400
157585801600
157585786000
157585801400
157585801600
157585786000
157585785600
157585801600
157585801600
157585785400
157585801400
157585801400
157585801200
157585801200
157585801400
157585801800
157585801600
157585785800
157585801400
157585801600
157585785400
157585785600
157585801600
157585801200
157585801600
157585786000
157585785400
157585786000
157585786000
157585801800
157585786000
157585801400
157585785800
157585786000
157585801600
157585785800
157585785600
157585785800
157585801600
157585785400
157585785400
157585785400
157585785800
157585801800
157585785800
157585785400
157585801400
157585801600
157585785600
157585786200
157585801800
157585801600
157585801600
157585786000
157585785600
157585785600
157585786000
157585801800
157585801400
157585801600
157585801400
157585785800
157585801400
157585801600
157585801600
157585801400
157585801400
157585801400
157585786000
157585801400
157585801400
157585785800
157585786000
157585785400
157585785800
157585785400
157585801200
157585785800
157585801400
157585801800
157585801600
157585786000
157585801800
157585801600
157585786000
157585786200
157585801400
157585801400
157585801800
157585785600
157585801400
157585801600
157585801400
157585801800
157585785800
157585801400
157585801800
157585785800
157585785800
157585785600
157585801400
157585801800
157585801400
157585785400
157585785800
157585785600
157585786000
157585785400
157585785400
157585785200
157585801800
157585785600
157585785200
157585801600
157585801400
157585801800
157585801400
157585786200
157585801600
157585785800
157585801600
157585785600
157585785800
157585785200
157585785800
157585785400
157585801800
157585785600
157585785400
157585786000
157585801400
157585801600
157585785600
157585801800
157585801600
